0 4874
1 5650
2 13359
3 24829
4 788
5 328981
6 359066
7 7436
8 11539
9 5808
10 9988
11 1379
12 7087
13 9397
14 21528
15 4817
16 357978
17 7461
18 730395
19 1446
20 24710
21 16918
22 3506
23 26062
24 155703
25 2326
26 655070
27 14555
28 15717
29 6368
30 2404
31 1748
32 4704
33 55638
34 705
35 17358
36 17390
37 16376
38 11999
39 13292
40 582910
41 31055
42 168162
43 330758
44 715522
45 42679
46 55731
47 8072
48 3499
49 74112
50 19476
51 5922
52 48939
53 6820
54 31196
55 61685
56 6529
57 29111
58 5675
59 25849
60 519572
61 865
62 18690
63 4530